

Instance: ../instances/tourist/I1.txt
RKO: SA | ILS | VNS | BRKGA | BRKGA-CS | PSO | GA | LNS | GRASP | IPR
Sol: 0.557 0.918 0.300 0.405 0.508 0.707 0.160 0.089 0.641 0.226 0.186 0.602 0.375 0.005 0.217 0.571 0.882 0.555 0.954 
OFV: 0.000000
Best time: 25136.709s
Total time: 4.003s


Instance: ../instances/tourist/I1.txt
RKO: SA | ILS | VNS | BRKGA | BRKGA-CS | PSO | GA | LNS | GRASP | IPR
Sol: 0.243 0.070 0.984 0.605 0.445 0.336 0.433 0.174 0.373 0.950 0.145 0.438 0.196 0.609 0.546 0.323 0.504 0.306 0.161 
OFV: 0.000000
Best time: 25421.161s
Total time: 4.001s


Instance: ../instances/tourist/I1.txt
RKO: SA | ILS | VNS | BRKGA | BRKGA-CS | PSO | GA | LNS | GRASP | IPR
Sol: 0.614 0.240 0.241 0.764 0.147 0.435 0.730 0.401 0.227 0.311 0.238 0.630 0.697 0.204 0.454 0.579 0.852 0.044 0.134 
OFV: 0.000000
Best time: 25690.001s
Total time: 4.002s


Instance: ../instances/tourist/I1.txt
RKO: SA | ILS | VNS | BRKGA | BRKGA-CS | PSO | GA | LNS | GRASP | IPR
Sol: 0.901 0.618 0.928 0.200 0.578 0.003 0.617 0.003 0.857 0.573 0.418 0.538 0.366 0.125 0.844 0.577 0.860 0.645 0.466 
OFV: 0.000000
Best time: 27110.975s
Total time: 4.001s


Instance: ../instances/tourist/I2.txt
RKO: SA | ILS | VNS | BRKGA | BRKGA-CS | PSO | GA | LNS | GRASP | IPR
Sol: 0.347 0.841 0.644 0.349 0.143 0.900 0.738 0.047 0.369 0.062 0.206 0.383 0.170 0.384 0.461 0.971 0.364 0.169 0.915 0.105 0.414 0.672 
OFV: 0.000000
Best time: 11558.732s
Total time: 4.001s


Instance: ../instances/tourist/I3.txt
RKO: SA | ILS | VNS | BRKGA | BRKGA-CS | PSO | GA | LNS | GRASP | IPR
Sol: 0.993 0.047 0.288 0.690 0.482 0.376 0.831 0.897 0.363 0.305 0.149 0.543 0.068 0.488 0.069 0.225 0.031 0.075 0.492 0.319 0.944 0.108 0.114 0.815 0.943 0.313 0.548 0.528 0.935 0.198 0.747 
OFV: 0.000000
Best time: 11575.334s
Total time: 4.001s


Instance: ../instances/tourist/I4.txt
RKO: SA | ILS | VNS | BRKGA | BRKGA-CS | PSO | GA | LNS | GRASP | IPR
Sol: 0.429 0.505 0.702 0.432 0.862 0.783 0.788 0.635 0.523 0.640 0.215 0.406 0.097 0.029 0.771 0.753 0.742 0.969 0.079 0.532 0.982 0.038 0.995 0.135 0.467 0.605 0.727 0.638 0.018 0.285 0.314 0.281 0.130 0.827 
OFV: 0.000000
Best time: 11602.163s
Total time: 10.001s


Instance: ../instances/tourist/I5.txt
RKO: SA | ILS | VNS | BRKGA | BRKGA-CS | PSO | GA | LNS | GRASP | IPR
Sol: 0.097 0.247 0.883 0.992 0.670 0.129 0.601 0.669 0.619 0.700 0.713 0.170 0.583 0.240 0.965 0.232 0.835 0.463 0.420 0.083 0.357 0.536 0.680 0.526 0.458 0.599 0.973 0.709 0.207 
OFV: 0.000000
Best time: 11629.214s
Total time: 10.001s


Instance: ../instances/tourist/I6.txt
RKO: SA | ILS | VNS | BRKGA | BRKGA-CS | PSO | GA | LNS | GRASP | IPR
Sol: 0.957 0.622 0.406 0.424 0.760 0.938 0.886 0.521 0.078 0.759 0.725 0.977 0.394 0.074 0.972 0.405 0.743 0.790 0.800 0.543 0.092 0.822 0.786 0.583 0.724 0.049 0.739 0.247 0.553 0.550 0.352 0.488 0.540 0.903 0.643 0.990 0.114 0.720 0.491 0.828 0.427 
OFV: 0.000000
Best time: 11728.835s
Total time: 10.001s


Instance: ../instances/tourist/I7.txt
RKO: SA | ILS | VNS | BRKGA | BRKGA-CS | PSO | GA | LNS | GRASP | IPR
Sol: 0.163 0.626 0.738 0.484 0.076 0.173 0.693 0.075 0.272 0.454 0.407 0.215 0.593 0.757 0.664 0.270 0.153 0.410 0.041 0.951 0.026 0.422 0.401 0.509 0.067 0.010 0.114 0.602 0.962 0.213 0.902 0.504 0.342 0.398 0.423 0.987 0.702 0.580 0.485 0.917 0.501 0.761 0.401 0.650 0.026 0.436 0.319 0.167 0.768 0.226 0.886 0.244 0.087 
OFV: 0.000000
Best time: 11763.985s
Total time: 10.003s


Instance: ../instances/tourist/I8.txt
RKO: SA | ILS | VNS | BRKGA | BRKGA-CS | PSO | GA | LNS | GRASP | IPR
Sol: 0.195 0.139 0.775 0.310 0.699 0.888 0.518 0.898 0.014 0.139 0.806 0.140 0.112 0.012 0.936 0.717 0.597 0.654 0.210 0.981 0.154 0.046 0.116 0.809 0.382 0.908 0.955 0.748 0.803 0.830 0.010 0.171 0.310 0.997 0.079 0.741 0.880 0.700 0.702 0.831 0.185 0.180 0.064 0.016 0.992 0.099 0.578 0.595 0.583 0.124 0.100 0.544 0.463 0.725 0.650 0.559 0.108 0.178 0.888 0.920 0.670 0.806 0.999 0.055 0.003 0.491 0.934 0.283 0.080 0.835 0.477 0.819 0.650 0.642 0.341 0.105 0.195 0.777 0.229 0.896 0.079 0.003 0.305 0.535 0.260 0.561 0.188 0.101 0.677 0.637 0.948 0.933 0.576 0.588 0.962 0.753 0.504 0.856 0.972 0.680 0.649 0.941 0.727 0.400 0.382 0.587 0.608 0.693 0.980 0.522 0.710 0.410 0.631 0.707 0.936 0.794 0.519 0.966 0.151 
OFV: 0.000000
Best time: 11841.863s
Total time: 10.001s


Instance: ../instances/tourist/I9.txt
RKO: SA | ILS | VNS | BRKGA | BRKGA-CS | PSO | GA | LNS | GRASP | IPR
Sol: 0.661 0.039 0.342 0.641 0.888 0.326 0.752 0.507 0.903 0.906 0.574 0.111 0.930 0.365 0.783 0.561 0.346 0.632 0.605 0.409 0.519 0.817 0.437 0.746 0.461 0.579 0.820 0.371 0.196 0.865 0.517 0.895 0.478 0.672 0.877 0.300 0.332 0.019 0.758 0.141 0.355 0.781 0.540 0.242 0.271 0.134 0.836 0.270 0.150 0.859 0.112 0.711 0.070 0.323 0.270 0.639 0.061 0.489 0.614 0.325 0.541 0.831 0.329 0.775 0.823 0.623 0.663 0.385 0.234 0.721 0.181 0.181 0.983 0.006 0.415 0.158 0.297 0.860 0.882 0.349 0.791 0.641 0.174 0.601 0.643 0.126 0.883 0.320 0.395 0.639 0.125 0.086 0.189 0.856 0.973 0.154 0.091 0.957 0.121 0.299 0.475 0.143 0.060 0.282 0.488 0.562 0.808 0.359 0.722 0.685 0.499 0.327 0.055 0.884 0.928 0.856 0.570 0.385 0.249 0.495 0.098 0.759 0.805 0.843 0.356 0.028 0.759 0.234 0.613 0.628 0.164 0.469 0.324 0.928 0.387 0.707 0.814 0.741 0.089 0.350 0.841 0.052 0.867 0.889 0.689 0.033 0.571 0.166 0.760 0.685 0.017 0.137 0.454 0.646 0.688 0.521 0.664 0.666 0.739 0.940 0.499 0.869 0.828 0.992 0.948 0.203 0.133 0.427 0.072 0.118 0.530 0.843 0.599 0.704 0.985 0.686 0.180 0.894 0.689 0.201 0.813 0.915 0.978 0.695 0.795 0.170 0.927 0.790 0.715 0.833 0.781 0.022 0.166 0.864 0.532 0.147 0.830 0.061 0.760 0.167 0.428 0.516 0.655 
OFV: 0.000000
Best time: 11871.443s
Total time: 10.002s


Instance: ../instances/tourist/I10.txt
RKO: SA | ILS | VNS | BRKGA | BRKGA-CS | PSO | GA | LNS | GRASP | IPR
Sol: 0.177 0.592 0.756 0.986 0.096 0.783 0.627 0.110 0.294 0.085 0.539 0.578 0.882 0.449 0.565 0.633 0.771 0.530 0.359 0.269 0.741 0.157 0.834 0.873 0.324 0.881 0.350 0.673 0.228 0.351 0.021 0.476 0.939 0.117 0.284 0.402 0.465 0.694 0.074 0.698 0.881 0.897 0.268 0.933 0.121 0.516 0.503 0.772 0.473 0.298 0.347 0.323 0.361 0.829 0.833 0.026 0.826 0.897 0.916 0.333 0.803 0.452 0.294 0.684 0.669 0.574 0.073 0.349 0.477 0.881 0.338 0.685 0.987 0.694 0.861 0.102 0.064 0.902 0.703 0.458 0.585 0.345 0.789 0.937 0.002 0.980 0.044 0.700 0.311 0.495 0.209 0.982 0.048 0.086 0.973 0.412 0.093 0.400 0.108 0.255 0.662 0.959 0.439 0.062 0.080 0.913 0.976 0.988 0.960 0.918 0.950 0.547 0.557 0.937 0.260 0.879 0.828 0.802 0.783 0.340 0.765 0.491 0.638 0.704 0.077 0.438 0.282 0.230 0.195 0.003 0.028 0.747 0.225 0.148 0.879 0.433 0.725 0.373 0.015 0.207 0.038 0.745 0.021 0.582 0.684 0.155 0.902 0.771 0.922 0.324 0.359 0.970 0.366 0.336 0.805 0.654 0.014 0.262 0.538 0.809 0.855 0.426 0.231 0.992 0.853 0.778 0.803 0.829 0.469 0.719 0.169 0.606 0.231 0.573 0.899 0.351 0.574 0.356 0.667 0.221 0.419 0.738 0.116 0.158 0.822 0.409 0.695 0.970 0.361 0.686 0.680 0.653 0.690 0.637 0.661 0.811 0.991 0.476 0.344 0.980 0.238 0.821 0.651 0.544 0.942 0.073 0.276 0.946 0.798 0.488 0.979 0.852 0.226 0.565 0.298 0.218 0.023 0.947 0.428 0.443 0.703 0.180 0.517 0.636 0.443 0.906 0.805 0.503 0.284 0.136 0.079 0.837 0.650 0.400 0.309 0.622 0.748 0.492 0.642 0.961 0.124 0.911 0.628 0.759 0.916 0.891 0.661 0.857 0.982 0.530 0.166 0.203 0.296 0.061 0.569 0.088 0.134 0.821 0.482 0.092 0.944 0.791 0.561 0.084 0.896 0.532 0.989 0.371 0.161 0.128 0.886 0.664 0.797 0.415 0.391 0.874 0.942 0.879 0.168 0.935 0.706 0.310 0.244 0.132 0.060 0.987 0.455 0.538 0.707 0.409 0.966 0.312 0.918 0.427 0.687 0.173 0.948 0.244 0.998 0.568 0.650 0.620 0.244 
OFV: 0.000000
Best time: 11938.736s
Total time: 10.004s


Instance: ../instances/tourist/I1.txt
RKO: SA | ILS | VNS | BRKGA | BRKGA-CS | PSO | GA | LNS | GRASP | IPR
Sol: 0.800 0.701 0.556 0.275 0.605 0.025 0.130 0.472 0.401 0.416 0.180 0.689 0.772 0.856 0.947 0.870 0.966 0.491 0.888 
OFV: 0.000000
Best time: 1729.669s
Total time: 2.002s


Instance: ../instances/tourist/I1.txt
RKO: SA | ILS | VNS | BRKGA | BRKGA-CS | PSO | GA | LNS | GRASP | IPR
Sol: 0.051 0.607 0.613 0.364 0.514 0.647 0.089 0.006 0.353 0.801 0.208 0.714 0.958 0.965 0.467 0.586 0.893 0.584 0.611 
OFV: 0.000000
Best time: 2035.210s
Total time: 2.001s


Instance: ../instances/tourist/I1.txt
RKO: SA | ILS | VNS | BRKGA | BRKGA-CS | PSO | GA | LNS | GRASP | IPR
Sol: 0.837 0.484 0.697 0.396 0.342 0.784 0.033 0.140 0.159 0.160 0.320 0.565 0.133 0.326 0.276 0.436 0.188 0.890 0.806 
OFV: 0.000000
Best time: 7600.102s
Total time: 2.002s


Instance: ../instances/tourist/I1.txt
RKO: SA | ILS | VNS | BRKGA | BRKGA-CS | PSO | GA | LNS | GRASP | IPR
Sol: 0.343 0.739 0.108 0.451 0.728 0.070 0.189 0.977 0.160 0.777 0.318 0.666 0.603 0.098 0.507 0.727 0.112 0.441 0.243 
OFV: 0.000000
Best time: 7623.706s
Total time: 4.001s
